61
1994
149
896
67
60
148
60
275
401
864
61
60
710
1065
64
1731
115
673
161
60
660
60
60
207
62
60
64
436
320
504
63
958
499
838
647
251
2801
620
1041
60
644
61
368
60
560
267
965
1109
169
456
687
1004
590
1056
837
64
61
257
65
67
65
1192
324
60
69
60
60
63
64
407
67
61
1035
63
1714
760
64
327
60
64
63
488
985
60
66
1748
2220
1037
71
411
2734
63
555
355
433
61
837
61
1258
876
64
601
386
1305
69
412
231
62
63
232
532
60
420
63
62
879
1253
395
61
161
60
60
175
64
60
60
60
60
60
145
60
60
60
60
148
319
62
60
279
60
62
184
60
293
63
1335
158
457
60
63
60
305
431
401
60
471
526
60
1251
242
505
63
4963
89
82
2317
1206
400
84
1110
81
81
81
81
81
622
1989
86
450
31
298
